..- 11 ,-,

10, 184 18,'239. Alaswad b. Almothalleb 21,133. 1111111

3, 141. 1111111 b. Mohallem 23, 403. Albajjah 3, 153. 111111
2560111111111126, 60. 0111111122, 195. Calb 12, 40. Chi· ¹

11111111 9, 30. 11111111 (1111111111), 13, 17. 1111115, 144- Datim
26, 52. Ι)1111)13,67. Α1111111111). 11111111 27, 83. ,1111111111
1111111111 5, 85. njahd 13, 87. 1)]’111111 (serva) 21, 8,

28, 13. 0111111112, 34. Aldjeradatan (cantatrices duae) 3, 49. ’
- 111111-11111111(1.Β11111) 12,4111111-111111124,107. Ebu-Alghasa .
' 5, 26. 111111-Η11111111111111 10, 183. Ebu-Karzah 26,112.
81111-’111111111 21, 153. manchus 1, 40. 8111111 b. Chalawah
1, 179. Fatus 6,123. 1111111 23, 274. 11·1111111111112,30.
(1111111124, 257. 1111111111 (mulier) 23, 217. Hajj 18, 27.
- Hnjjan 14, 70. 1111111111 (mulier) 24,67.Η1111111123,146.
11101111 14, 7. 1111111111 (mulier) 5, 170. 13, 134. Hind
(11111111)122,183. ,24, 198. Hisl 28, 196. Η101111111 3138.
111111111123, 273. Ηο116124, 152. Hothsobijj 138211111-
cor 11. 1111111111 1, 371. 1111111 1, 38. 11111128, 11. 11111111)
24, 258. 1111111125, 78. 1111111111811111111125, 1. Kahkah
1). 1111111111 23, 439. 11111111 1, 302 Κο1111115, 137. haila
(femina) 18, 4. 1111111128, 2. 0111111111 20, 30. [1011111111 3,
21. 111111, 11 11111125, 68. Mauo b. Nowairah 20, ,,
39. 1111116111 (femina) 2, 21. Maria (11111111) 2, 21. 111-
1·ο11111111·(111111111)27, 38. 11111111 24, 108. Μ11111127,87.
1111111111ἀί 3, 47. Almonachchul 6,'110. Moses 21,160.
24, 456. 11111101111111111115, 101. Α111111111111116,149. Ν1-
11111116, 151. 1111111111 21, 71. Noa 9, 66. 25, 154. Oh-
oasch 27, 193. 0111111111 5, 157. 0111111111 24, 325. 0111111111
24, 198. Omm-Djabirah 10, 160. Ρ11111124,456.Ρ11111111
7,163. 1111111111 28, 55. 111]]’11111111111111)3,16. 111111111ιί
(femina) 12, 22 11111111 18, 201. 26, 46. sabra (11111027,
6. 8111118, 18. 811111 11. 81111 Manat 26, 23. 8111111112, 1.
81111111 (mulier) 11, 1811118118, 48. Salma'onulier) 25,
151. 8111111113, 56. 8111111123, 93. 8111111111 28,12.14,
8111111110, 161. 8111111111 12,167. 81111116.ΑΙ)1-1111111111
23, 384. 8111111111 5, 8. 81111111 (mulier) 24, 240. ’1111-

 

