...Ῑὸ-0

61161010 24, 12. 1111101100 6. 11100000 23241. 1111101110
6. 1110601106 6600000010 1, 57. 6111011ῑο b. 1116111100 13,
69. 14, 68. Ηο1110 b. 801010 6111001113, 11. 61601110 6.
’16001101 61011110 12, 17. 24, 298. 1101001611000611122,
283. 6160000 filius Abbi 12, 54. Ηο0110 6. Abbd-Almon-
000010110110, 25. 111011 ’1011 10, 10. 03, 005. 111-
11111 6. Ηο0101106 1100111οι1100 12, 56. 61606066. Almondsir
1,125. Hedjdjadj 6. Jusuf 20, 35. 23, 62. 333. 363.
11000006 (0001. Α60-11000006)21, 3681110101ἰῇ b. 11660-

. 1106 23, 79. 1106600110110110123,276.11οο011066οο]-

jab 6. 1106106 23, 375. 11011εο11 6. 1106011116 ’1006106110 1,63.
110001111160001110 10, 67. 11000111 6. Ο60006100117,5.110-
10110 6. 11000011 8011016001ῑο 6, 5. Ηο0011116.Νο0101 1, 362.
00001. 0010000 1, 0. 00, 003. 442. 1101000101010001,
300100111611000101 18, 28. ,100111 6. 610101011ᾒο6 16, 51.
1601110116 26, 01. 100 (rectius 6000) 6. Abi'l-Hodjair 9,
24. 23, 3. 1106010 6. 1110001110οι 01000110 23, 33. Κο10
6. 8060112110, 3, 5. 6,11. 110106. ’100111060624,

101. 11110 b. 01010, 4. 7, 0. 00, 65. 00, 424. 24,

236. 11001010 6111011000οὴ 24, 261. 1101011 66011106
1, 361. 11011116 6. 8010106 8, 11. 11061111,77. 6110110101
6. 806000118, 22. 1101110101 6. Ζο66 21, 61. 110110110 13, 1
31. 1101111100 6611111110, 27. 12, 4. 11010000 (sapiens) 3,
80120. 24, 366. 61006110621101 Ο600111011,12.Μο11]”- ’
000 23, 506. 61060 6. Ahtijjah 19, 12. 610110 6. 11611110
6110601011 3, 44. 110110 b. 11061 10, 36. Μο110 6. 11106011
6111610011 18, 84. Μο110 6. Μο011106 27, 113. 610110 6. Al-

01010110 23, 422. 610110 6. ’80111 Manat 12, 20. 1111001000
8, 37. Μο110011 6. 80611 Abdita 12, 77. 6101000 6. 6160-

010124, 44. 61111110016.1161111611]”111020,37. 6110010 111-

’ ’11010011 1, 64. 24, 48. 61006011]οὴ 1, 15. 280. 10, 29.

’ 01. 10, 00. 001000. 00, 000. 11110110 0010101001
0016110 6, 93. 6106016016. 1106106 12, 10. 6106000006 1,
1. 23126 5,33. 6,113.147. 7, 02. 8, 51. 9, 21.
17,6 18, 91. 1111168179. ,20,9. 66. 21, 68. 23,

 

