3-19-

46. 116. 362. ’368 24, 87. 94. 213. 366. 25,14.58. 28,
’13. 1111111111 1. 3113111 1, 333. 11111111 1, 311.
Alm'ondsir b. 1111333133 3, 47. 23, 403. 11131311 6, 75.
Μ3113111).1131111 23, 6. 1131131111. 1113111131] 2, 150. Μο-
33111 b. Α111-Α111111121, 21. Almosthaugir 1111311131123,
148. Α11111131311111133 9, 52. 22, 44. Μ31113113111. Alsohaj-
1133313. 31, 353. 1111111111 1111111111 1, 35. 11,
64. 22, 136. 23, 333. 24, 12. 25,1. Ν3113311311).113-
13111 23, 313. Α111111111311.1).11111131111311 21, 49., 23, 116.
283. 0113111311 1111113131 1, 43. 3, 75. ,011113111-1111311 b. '
8113112, 80. 0111131111).11131)1331,57. 2,128. 6, 2. 9,

· 3. 13, 11. 31, 131. 3111111. 1111111111 11111111 31, ’

11. 311111111311111111. 311113. 20. 31, 333. 01-
1113113109. 23, 243. 26, 49. 28, 70. 123. 01111131 b.
1111 11111131. 3, 35. 3, 133. 10, 17³. 20, 51.
31111 (femina) 13131351. 33, 113. 3111 1111111-
111 3, 33. 3111111111 ,3111111 13, 133. 13, 13. 3111
1). said 12, 20. 23, 30. 86. 8311111. Μ3113 1111331113 1,

131. 31111. 111111 33, 113. 311113111111111 ᾗ

24, 315.’ 11311111 b. Ahbd-Alrahman b. Hassan 13, 39.
311111. 1111 33, 113. 1111111 1111111133, 333.
Sarijjah b. 0133111123, 119. 8311131111 Aljemamah (fe-
11111111) 18, 37. 83111111 2, 33. 8311311313 b. Dsi-l’Na.
bain 5, 78. Scharich (v. Soboraich) b. Alharits 24,

164. 53111133· b. Chaled 14, 83. 27, 140. 8111111133 11.
11111 3, 13. sijad (1111311111) 3531311111 1. 1111-
1111311 10, 87. 81113111). 61311310311111323, 402. 8313311
b. 1)]’31131111111 1111113113 22, 16. Α1331313 b. Alsolacah 1,
'112 15,13. 18, 79. 8313131111011111328, 1. ’1331113313
schanan 11, 31. 1111111 1. 11111 3, 33. 3, 2⁷. 31,

13. 111511. 3311111131133, 15. 53. 1111311111-
nabbih 1, 196. Walid 1).Λ111131)311 22, 92. 111031313311
(603733111311311112, 138. 233111 b. 1111111321,23. 111-
3313111611311131131 0111311133) 23, 318. 11111111) 1111111313
1111111133, 189. 3111153311 b. Zuhan 24, 402.

 

