...ω-

Peritoooenm 1111113111. Ν1111111110,98 0111112,
10. 9, 73. 01101 11111 22, 394 (111111111130, 33.
0111111511119,83 011111131Ίο Aculeus scorpionis
20,117. 2111111111111133, 124. (1111111111131, 18.
22, 140. 37, 56. 111123, 275. Aloe struthionis 10, 63
1111111156. 2, 200. 17, 13. 22, 200. Ungues 24 352.
Cruris tenuior pots 34, 315. Pollis 12, 94. 22, 92. Ρ11111
caprino 1, 229. Pellis 1111113, 137. Ρ11111 perdi 23, 34.
Pellis 1111111111 24, 2. Pollis 1111111111 ’1111111611 27, 66. ¹
91011,111111111111111111123,446. 011111, 153. 10, 2. 30.
11, 31, 18, 180. Cutis 11111 utrumqne. 27, 116. Cutis
‘preve 23, 373. Cutis, 11111111 11111111111121, 8. tlt,
353. Membrone 1111111136, 3 27, 14. cruris 24, 56.
011111110118,10. Pili 1111128, 103. Moonlo 11111 (11
111111)19, 1. 23, 466. 24, 247. nano 6, 267. 7, 10.
10, 168. 14, 75. 16, 5. Ρ111111111111111 23218. Cernes
13, 111. 21, 65, 01 (11111) 21, 65. 28, 131. Adeps
(1111) 1, 183. 321. 483 12, 36. 13, 38 21, 75. 33,
107. 24,74. 121. Adeps 111111111127, 120. Adeps
liquefactus 1, 163. Adeps cito liquescens 26,. 40. 54.
Sanguis 2, 23. 23, 114. Ν11111 caniclinus 5, 91. Ν11111
in 11111111 pene 24, 217. Medulla 12, 99. Medulla magni
nervi 13, 4. Medulla spinalis 5,51. Medulla culicum 2371.

§. 12. Res. 1) Gener. 1111,1, 397. 18, 178. 22,
246. 24,119. 132224 484. 28, 123 1111111111 7, 9.
Ros 11111124, 57. Res 1111111117, 52. 53. Bes pretioso
24, 77. Ros vilis 18, 3111, 479. Res grovis 23, 309.
Res 11111 18, 34. 87. 1111111111 18, 82. lies 111122,
’35 Res commodate 18, 130. 33, 92, 1111116111 23188.
. lies 111111111111111111111123,377. Res custodienda 28,
52. Res oculos laedens 5, 139. lies in locum succedens
24, 604. 11111111115,64. Res 11111 1, 308. 21, 907.
26, 7. Ros admirabiles 24, 557. Res 11111 grutae 9, 32.-

1 1) Dc 1111111111 quoque 1111111111.

 

