..51-

1411133. 16, 6. 25. 35. 19,16. 21, 105. 22, 310.
23, 138. 168 213. 304. 516. 597. 21, 31. 32. 226. 27,
43. 46. 28, 17. 51. 72. 109114. 1111111111111113,303.
111111111111123, 629. Manus superior 28, 18. 'tergum
11111111 18, 20. Vola 1111111111 3, 4. 22, 43. 1111110111
24, 404. Digitus 2, 119. 14, 72. 18176. 2193129·
Dorsum 6, 39. 21, 9. ,24, 39. Pectus 1, 163 13, 18.
56. 14, 15. Pectus morbidum 23, Ι441 Pili pectens 27,
10. 1111111 15, 69. 18, 22. 23, 102. 1111111111111127,
44. Latus sinistrum 27, 45. 11111113, 156. 24,174.
Venter 2, 114. 215. 5, 195. 14,, 32. 16, 29. 18, 23.
22, 259.. 24, 36. 265. Venter 11111111 22, 287. Hypo«
1111161111111, 164. 1111111111111 1, 201. 011 1, 385. 3, 55.

‘ 7,149. 23, 194. 338. 607. 24, 410. 'Jecur 1111). Jecur,

nplen 24, 516. Pulmo 3,114. 5,118. 111111111111121, 103.

0111127,199. Podex 1, 50. 59. 442. 5,196. 7, 69. 10,
26. 203. 12, 17-19. 58. 62. 15, 41. 16, 7. 18, 297. „ ³
20, 15. 58 22,134. 149, 23, 177. 21, 18. 243. 26,131.

284. 27,136. 21151. 161. Ρ111111 1111111113, 112 Gre-
11111111 6, 97. Penis 21, 72. 24, 265. 268153. (111111
1111121154. ’1111111111 23, 263. Pudendnm2, 105. 12,
47. 23, 239. 27, 48. Ρ11011111111111111111113,47. Vulva
1, 241. 111111111191. 1111111111 22, 72. 0111111116,
37.21,13. Ρ11 4, 6. 5, 36. 10, 74. ,18, 179. 20, 13.
’ 23, 24. 27, 47. 28, 116. Pedisx 11111111 pars 23, 23.
Pedes 28, 92 011112, 139. Tibia 21, 12. 1161111121,
11. 'l'ibiee 11111111111111 21, 1. Τ111112,89. ’11111111- ¹
tundus 24, 577. 0111112617. Cutis 2, 95. eutis interior
5, 96. 01111,165. 11111119, 16. 18, 119. 21, 42.
23, 370. 600. 24, ,375 28, 138. Sanguis oeeisi. 22,
187. 8111ςυί1 regum 8, 53. Sanguis -menstruus 24, 397.
111111112159. Vena magne brachii 27, 42. Venae 111111
27, 76. Venae uteri 10, 129. 11111111 motus 24, 51
11111111Ιί 1111 axilla 5, 131. secundinae longae 24, 27.

0111· 24, 161.

 

