...807-

1111116, 2175 amputans 21, 1255 transfigens 14, 99. 24,
420 4215 penetrans 14, 97. 21433. 25, 1415 11111118,
59. 10, 190. 192-1915111117,112113.5 aptos ad in-
11111111 10, 185. 1915 contrarius 7,105.5 diversus 71005
dispersus 13,143.5 1111112167. 13, 131. 15, 63. 26,
109511111111611 2, 1715 lucens 25, 1395 1111111117,28,5
densiorem umbram faciens 17,3251111111122,225.5 bonus

’ 16, 845 1111111112172. 131525 5111111112, 175. 6,

193-195. 210.55111111111 25, 1485 contemtibilis 27,156-
. 1615 16111112, 1655 infaustus 13, 125. 251105 fragrans
9, 62. 16, 605 foetidus 25, 108. 117. 1185 duleis 6, 207.
18, 2315 jucundus 23, 504-507. 5085 gratus 6, 202. 23,
522. 27, 1665 ingratus 6, 2105 laetitia 11111111112,150.5
11111112, 165. 22, 237. 244. 5 1111111114, 3043. 4115
amarus 24, 422. 423. 436. 5 insipidus 24, 4215 portans 1,
416. 6, 2215 intrans 26, 1185 debilis 15, 59. 25, 1335
111111111Ιί1 15, 46. 58 21110. 24, 435. 26, 1255 11111
12, tot-111. 117. 118. 122. 26,105.111.5 firmiter adhae-
rens 1, 421. 423. 4, 305 1611611123, 492. 4935 durabilis
2,169. 1735 mutabilis 10, 2015 contagiosus 18, 2285 do·
lens 24, 434 3 11111121, 117.511111111111 14, 100. 1011085
1111111 4, 43. 45. 27, 1545 11111 18, 215. 217. 218. 220.
2715 1111111205 1111111113, 1321555 1111115,191.5
111111 11, 105.. 111. 15, 1111.. ’14, tre-43². 111. .

Stupidns 6, 185. 186. 5 0111111112,125.5 11111117,104.5
injustus 17,29.5(11(11111 11111111111111123, 1110. ,

1)) conditio. Integer· 14, 1085 perfectus 26, 1185
1111111111126, 12315 1111111118, 60511111111120, 825 .
periens 3, 155. 158. 15, 605 praesens et 1111111116, 2221
vilis 23, 5215 propinquns91,144.; remotus 2, 146. 25,
1135 adhaerens 23, 491-494.5 in aquae fundo resistens
101895 habens caput pulvere inquinatum 13, 1605 di·
111111 ad 1121, 1405 1111111125, 1105 fragrans 16, 6851

⁴ 1111111122, 2415 multus 22, 2315 exundans 16, 795Ι .

abundans proventu 7, 1405 inserturos, 1105 patrous -21,

 

