...43-

254. 9, 76. 11, 48. 14,· 69. 15, 27. 18, 40. 41. 21.
11551155511551Μ115
93. 22,196. 10) Sese, 197. 22, 62. 11) Mus 1, 453.
,15, 61. 23, 625. 12) Elephas 9, 79. 22, 299. 13)051--
ger 1, 82. 5, 42. 14, 114. 22, 189. 23,324. 14) Dor-
5112, 222194. 3,1. 5,,16. 15) Caper montanus 3,
89, Rupieupro 10, 157. 16)Ι1155110,126. 161917) “

1151551957. 18) Simia 12, 181. 19) Meles 18,134. 20)

Animal 'l'hseribao 20, 25. 21)Η511515151 2, 44. 10,160. s

wmemuffiuffluoewumu
16, 93. 23, 33323) Lupus 1, 433. 436. 9, 91113.
14. 45. 70. 71. 12, 24. 18, 185. 19, 6.,22, 293. 2333.
24, 359. 463. 24) Hyoeoo 1, 87. 3, 93. 6, 42. 7,· 2443.. ·

- ,5551155511551555

- b) Aves 1) 01111518, 42. 13, 10. 22, 5. 23, 573.
24, 238. 2) Ρ1115114, 32. 16, 13. 22 , 296. 23, 339.
3)8115111151, 108. 2, 46. 7, 26. 9, 61. 10,178. 11,8.
13,130. 14,103.χ 15, 60. 20, 82. 24, 349. Augmen-
151515111516151115111127, 146. 4) Corvus 3, 68. 14, 51.
22, 69. 159. 23, 538. 5) Perdix 16, li.,12. 6) Avis Η o·
. 61116143. 7)AvisCarawauss, 143. 8) Avis 111-
5111151119, 31. 9) Ρ15123, 37. 10) Avis Aouk 8, 2.
11) 5111111111123, 4. 12) ous18,256. 23, 573. 13)
Avis Summah 22, 70. 14) Vultur 15, 9. 163. rorpa-
lumbes·20, 129. 16) Grypo 16, 2. 17)1’1155 23‚601.637.

18) Accipiter 1, 434. 14, 18. . ’

5) Amphihiu. 1) 11151111 1, 91. 92. 94. 304. 312·

6110127. 7, 42. 12,100.110. 15, 3540. 18, 242.
23, 336. 432. 24, 61. 127. 2) Serpens 1, 93. 5,133. 6,
148. 13, 26. 18, 225. 202. 22, 65. 3) Vipera 15, 70.

11) 11111511 11 vermer. 1) 11555111 5, 45. 86. 14,
rumoummmmuwwoss

51151 1, 431. 24, 226. 228. 3) scarabaeus viperarum 1,
137. 2, 73. 12, 60. 21, 26. 24, 495. 4) Pedieuiue 51-
meli 1, 108. «3, 94. 8, 21. 18, 184. 5) 1115151943.
Scorpio 2, 62. 3, 33. 12, 3.

 

