..42-

(mulier) 26, 1. ’l'hujjab 6, 229. 'l’snlabah 18, 35. wahwah
23, 436. Alwalid 6. Tharif 18, 283. ΖοΙπι (femina) 24,13.

Quod in gentibus dixi, in personis repetendum est. Iu·
‘⁴5' personas proverbia nonnulla locum obtinuerunt, quod
non tam in bestiis, quae oum iis conjunctae erant, quam

· in personis, quibus illae bestiae erant, proverbii momentum

esse videbatur. Duarum personarum nomina non vera,
sed ficta esso conf. 5, 85. 27, 83, silentio praetereun-

dumnonest.
§. 4. Bestiae. ι) quadrupedes. 1) eumelus

1, 69. 73. 75. 80. 85. 95. 248 251. 257. 272. 323. 375.

’ 377. 378 440. 2,10.13.154. 3,160.161. 4, 29. 5,

40. 108. 154. 205. 6, 1. 21. 40. 41. 57. 74. 105. 117. 130.
131. 137. 180. 201. 7,4.195.106. 111. 135. 8,16. 17.
26. 3, 6. 48. 54 66. 10, 31. 47 36. 108120. 124175.
183. 11, 7. 49. 12, 23. 64 13,30.123.150.14,1.71.
85. 103. 15, 1. 5.10 30 39 40. 18, 28-31. 61. 33.
38. 39 9 3 55 20,7. 12. 17. 23. 36. 68. 69, 21, 17.
18. 55. 67100106. 22, 7. 16. 21. 31. 36. 49-55, 79.
37. 136. 138. 140. 186. 187. 194. 216. 23, 9. 28. 30. 69.
104. 121. 261. 284. 301. 314-318. 320. 322. 323. 407.
503.. 24, 3. 23. 37. 43. 55. 74. 97. 278. 388. 424. 25,15.
2632. 44. 26, 2. 57. 27, 3. 13. 14. 26. 62. 86. 92. 171.
28, 10. 22. 53. 79. 94. 98. 2) Taurus 1, 81. 4, 5. 12.
Boves 5, 41. 3) capra 1, 83. 15, 36. 18, 43. 22, 2.
23, 32. 329. 24, 46. 47. Capella 23, 327. 328. 4) Canis
1, 88. 2, 3. 3,193. 5,,47. 172. 6, 257. 9, 73. 12,25.
13154. 18, 47. 268. 20, 33. 22,’56. 63. 150. 193. 200. “

’ ωηῶωωψωωηωω1ω

12, 184. 19, 63. 22, 282. 6) Ovis 1, 331. 10,98.12, .
142. 13,179. 18, 233. 21,24.179. 24, 95. Agnus'1,
242. 7, 23. 9, 60. Aries 18, 42. 7) Equus 1, 297. 2,
214. 5,150.151. 7, 8-20. 14, 53. 15, 14. 28. 17, 6.
18,25.26.131. 161. 21, 158. 22,48. 141. 23,238.531.
24, 559. 596. 8) Asinus 2, 49. 193. 200. 3, 66. 6, 253.

 

