»⁸0-

rmum 111... 11, 11. οων... au 111. uonga 111. ua-

buu 23122. 11111611111111181111 23, 836. 11116316 dorso

. praeuius 27, 61. 811111116118. 13, 49. ,56 73 Pom

1161111111, 332. Esuriens 1, 472. 186. habmus appo-
,11111 vehemente 26, 18. 311161161128, 76. 8111111118,
133. Pingua 12, 38 68. 18, 88. Nudipes 22, 32. 24,
167.. 8111111111 louu cinguli 13, 88. Debilis 17, 18 24,
.311.111ς141114,83. ure foetens 22, 288 283. Augusta
ingluvie prtpdltus 16, 86. uomicas 23, 488. 8111614611·-
1111126604 Aetate decrepitus 24, 277. 3111111112, 34.
1111111111111123, 1. 286. virginitate 1111111114, 2 uul-
1111 2, 18. 23, 376. 24, 221. Augure 1118111111 22162.
nauum 22,· 281. umida 1, 388. 11, 20. 21, 3.
Promotum, 118. uuugnaues 26, 162..

Prudens 1, 437. 6,115. (cautus) ’18,172. 23 268
Propinquus 1611111127,84. Potitus 26, 36. , versutus 2,
10. 1111161116 6, 225· 1219. 23. 412. 1116111 (ignoraus)
10,145. 11, 29. 33. 22, 231. 23, 74. 24, 131. Gnuus
18, 84 1111111111-11,,300. Munus 1111111 26, 84. 1111»
· 61111111 11111127, 73. stupidus 18, 33. 23, 368.Ι stupida
‚⁷12 ,16 1111111111. 11. uu ·10, 111. 11, 58. 12, 11.
11. 19. 23, 418. 8111111116. 24104. stuta 1, 11.
..18,123. 5111111130. 18, 142. Negligouues 12, 62.
Jgnomns 24, 488627. Delirus 27, 82* 11111111 1, 432.
,iuuerunt-12, 42. zeonem 26, 136. lugmus 23, ¹163.
6,,188212. 2656·⁴ 11111113,86. 13, 36. uorem 24, 333.
Audax 1111111198. ’1111111861111 3, 86. 01141111
23, 287. 24,, 94. 213111 18, 147. Confidons 18, 221. Vu-
11118, 76.. 23, 455. Boniguus 24, 634. Bouefim 27,
Ι,38 Anus 2, 81. 7, 48. 13, 42. 26, 484. 26,.168.
.Ρ414111124,’184. Mansuetus 6,112. (1114616117. benis
23, 118. 11111.. 8, 16. 1141111116. 11, 116 napus·
22, 321. 322. 1111111351. 1111316136116. 11111-
611 1, 478. 2,,286. 14, 43. 14114166113111123, 381.
Avidus 6, 246. 21, 82. 23, 134. 638. Cupidus 28, 66.

 

